
     Program PWSCF v.6.4.1 starts on 13Oct2021 at 18:20:24 

     This program is part of the open-source Quantum ESPRESSO suite
     for quantum simulation of materials; please cite
         "P. Giannozzi et al., J. Phys.:Condens. Matter 21 395502 (2009);
         "P. Giannozzi et al., J. Phys.:Condens. Matter 29 465901 (2017);
          URL http://www.quantum-espresso.org", 
     in publications or presentations arising from this work. More details at
     http://www.quantum-espresso.org/quote

     Parallel version (MPI & OpenMP), running on      36 processor cores
     Number of MPI processes:                36
     Threads/MPI process:                     1

     MPI processes distributed on     1 nodes
     R & G space division:  proc/nbgrp/npool/nimage =      36
     Reading input from scf.in

     Current dimensions of program PWSCF are:
     Max number of different atomic species (ntypx) = 10
     Max number of k-points (npk) =  40000
     Max angular momentum in pseudopotentials (lmaxx) =  3

     Atomic positions and unit cell read from directory:
     pwscf_output/pwscf.save/
 
     Message from routine readpp:
     file pwscf_output/pwscf.save/Co.opt.upf not found
     Message from routine readpp:
     file pwscf_output/pwscf.save/Co.opt.upf not found
     Message from routine readpp:
     file pwscf_output/pwscf.save/La.ropt1.upf not found
     Message from routine readpp:
     file pwscf_output/pwscf.save/Mn.opt.upf not found
     Message from routine readpp:
     file pwscf_output/pwscf.save/O.opt.upf not found

     IMPORTANT: XC functional enforced from input :
     Exchange-correlation      = LDA ( 1  1  0  0 0 0)
     Any further DFT definition will be discarded
     Please, verify this is what you really want


     Subspace diagonalization in iterative solution of the eigenvalue problem:
     one sub-group per band group will be used
     scalapack distributed-memory algorithm (size of sub-group:  4*  4 procs)

 
     Parallelization info
     --------------------
     sticks:   dense  smooth     PW     G-vecs:    dense   smooth      PW
     Min        1125    1125    289               160176   160176   20844
     Max        1126    1126    290               160182   160182   20847
     Sum       40533   40533  10413              5766487  5766487  750431
 


     bravais-lattice index     =            0
     lattice parameter (alat)  =      18.3955  a.u.
     unit-cell volume          =    6518.7163 (a.u.)^3
     number of atoms/cell      =           80
     number of atomic types    =            5
     number of electrons       =       734.00
     number of Kohn-Sham states=          440
     kinetic-energy cutoff     =     350.0000  Ry
     charge density cutoff     =    1400.0000  Ry
     convergence threshold     =      1.0E-05
     mixing beta               =       0.1000
     number of iterations used =            8  plain     mixing
     Exchange-correlation      = LDA ( 1  1  0  0 0 0)

     celldm(1)=  18.395514  celldm(2)=   0.000000  celldm(3)=   0.000000
     celldm(4)=   0.000000  celldm(5)=   0.000000  celldm(6)=   0.000000

     crystal axes: (cart. coord. in units of alat)
               a(1) = (   1.000000   0.000000   0.000000 )  
               a(2) = (   0.333333   1.075078   0.000000 )  
               a(3) = (   0.166667  -0.082572   0.974062 )  

     reciprocal axes: (cart. coord. in units 2 pi/alat)
               b(1) = (  1.000000 -0.310055 -0.197388 )  
               b(2) = (  0.000000  0.930165  0.078850 )  
               b(3) = (  0.000000  0.000000  1.026629 )  


     PseudoPot. # 1 for Co read from file:
     ./Co.opt.upf
     MD5 check sum: cbea422ea0772e228e39f0fc3ccfb1ba
     Pseudo is Norm-conserving, Zval = 17.0
     Generated by new atomic code, or converted to UPF format
     Using radial grid of 1161 points,  2 beta functions with: 
                l(1) =   0
                l(2) =   2

     PseudoPot. # 2 for Co read from file:
     ./Co.opt.upf
     MD5 check sum: cbea422ea0772e228e39f0fc3ccfb1ba
     Pseudo is Norm-conserving, Zval = 17.0
     Generated by new atomic code, or converted to UPF format
     Using radial grid of 1161 points,  2 beta functions with: 
                l(1) =   0
                l(2) =   2

     PseudoPot. # 3 for La read from file:
     ./La.ropt1.upf
     MD5 check sum: afd03827907f86c9752dba134992df7c
     Pseudo is Norm-conserving, Zval = 11.0
     Generated by new atomic code, or converted to UPF format
     Using radial grid of 1180 points,  2 beta functions with: 
                l(1) =   0
                l(2) =   2

     PseudoPot. # 4 for Mn read from file:
     ./Mn.opt.upf
     MD5 check sum: 5ce47c60d595b590a57a34cb5b635794
     Pseudo is Norm-conserving, Zval = 15.0
     Generated by new atomic code, or converted to UPF format
     Using radial grid of 1159 points,  2 beta functions with: 
                l(1) =   0
                l(2) =   2

     PseudoPot. # 5 for O  read from file:
     ./O.opt.upf
     MD5 check sum: 0b670aeee1f35195f09134313df81f8f
     Pseudo is Norm-conserving, Zval =  6.0
     Generated by new atomic code, or converted to UPF format
     Using radial grid of 1130 points,  1 beta functions with: 
                l(1) =   1

     atomic species   valence    mass     pseudopotential
        Co1           17.00    58.93300     Co( 1.00)
        Co2           17.00    58.93300     Co( 1.00)
        La            11.00   138.92000     La( 1.00)
        Mn            15.00    54.93800     Mn( 1.00)
        O              6.00    15.99900     O ( 1.00)

     Starting magnetic structure 
     atomic species   magnetization
        Co1          0.500
        Co2         -0.500
        La           0.000
        Mn          -0.500
        O            0.000


     Simplified LDA+U calculation (l_max = 2) with parameters (eV):
     atomic species    L          U    alpha       J0     beta
        Co1            2     6.0000   0.0000   0.0000   0.0000
        Co2            2     6.0000   0.0000   0.0000   0.0000
        Mn             2     3.0000   0.0000   0.0000   0.0000



     No symmetry found



   Cartesian axes

     site n.     atom                  positions (alat units)
         1           La  tau(   1) = (   1.0000000   0.2868835   0.1826366  )
         2           La  tau(   2) = (   1.0000000  -0.0231717   0.6696675  )
         3           La  tau(   3) = (   0.6666667   0.3593395   0.9131830  )
         4           La  tau(   4) = (   1.1666667   0.8244222   0.1826366  )
         5           La  tau(   5) = (   1.1666667   0.5143671   0.6696675  )
         6           La  tau(   6) = (   0.8333333   0.8968783   0.9131830  )
         7           La  tau(   7) = (   0.6666667   0.6693947   0.4261521  )
         8           La  tau(   8) = (   0.5000000   0.1318558   0.4261521  )
         9           La  tau(   9) = (   1.0000000   0.8606501   0.5479098  )
        10           La  tau(  10) = (   0.8333333   0.6331666   0.0608789  )
        11           La  tau(  11) = (   0.5000000   1.0156777   0.3043943  )
        12           La  tau(  12) = (   0.8333333   0.3231114   0.5479098  )
        13           La  tau(  13) = (   0.6666667   0.0956278   0.0608789  )
        14           La  tau(  14) = (   0.3333333   0.4781390   0.3043943  )
        15           La  tau(  15) = (   0.3333333   0.1680839   0.7914253  )
        16           La  tau(  16) = (   0.5000000   0.7056226   0.7914253  )
        17           Co1 tau(  17) = (   1.0000000   0.5737668   0.3652732  )
        18           Co1 tau(  18) = (   1.0000000   0.2637117   0.8523041  )
        19           Co1 tau(  19) = (   0.5000000   0.7287944   0.1217577  )
        20           Co1 tau(  20) = (   0.8333333   0.0362280   0.3652732  )
        21           Co1 tau(  21) = (   1.1666666   0.8012504   0.8523041  )
        22           Co1 tau(  22) = (   0.3333333   0.1912556   0.1217577  )
        23           Co1 tau(  23) = (   0.6666666   0.9562780   0.6087887  )
        24           Co1 tau(  24) = (   0.5000000   0.4187392   0.6087887  )
        25           Co2 tau(  25) = (   0.0000000   0.0000000   0.0000000  )
        26           Co2 tau(  26) = (   0.3333333   0.7650224   0.4870309  )
        27           Co2 tau(  27) = (   0.6666667   0.0724561   0.7305464  )
        28           Co2 tau(  28) = (   0.1666667   0.5375388   0.0000000  )
        29           Co2 tau(  29) = (   0.1666667   0.2274836   0.4870309  )
        30           Co2 tau(  30) = (   0.8333333   0.6099948   0.7305464  )
        31           Co2 tau(  31) = (   0.6666667   0.3825112   0.2435155  )
        32           Mn  tau(  32) = (   0.8333333   0.9200500   0.2435155  )
        33           O   tau(  33) = (   1.0491919   0.5662381   0.1660092  )
        34           O   tau(  34) = (   1.0491919   0.2561830   0.6530401  )
        35           O   tau(  35) = (   0.7158585   0.6386942   0.8965556  )
        36           O   tau(  36) = (   0.8825252   0.0286993   0.1660092  )
        37           O   tau(  37) = (   1.2158585   0.7937217   0.6530401  )
        38           O   tau(  38) = (   0.5491919   0.1011554   0.8965556  )
        39           O   tau(  39) = (   0.7158585   0.9487493   0.4095247  )
        40           O   tau(  40) = (   0.5491919   0.4112105   0.4095247  )
        41           O   tau(  41) = (   0.9508081   0.5812955   0.5645372  )
        42           O   tau(  42) = (   0.7841414   0.3538119   0.0775063  )
        43           O   tau(  43) = (   0.4508081   0.7363230   0.3210217  )
        44           O   tau(  44) = (   0.7841414   0.0437567   0.5645372  )
        45           O   tau(  45) = (   0.9508081   0.8913506   0.0775063  )
        46           O   tau(  46) = (   0.2841414   0.1987843   0.3210217  )
        47           O   tau(  47) = (   0.6174748   0.9638067   0.8080527  )
        48           O   tau(  48) = (   0.4508081   0.4262679   0.8080527  )
        49           O   tau(  49) = (   1.1174742   0.4112111   0.4095238  )
        50           O   tau(  50) = (   1.1174742   0.1011560   0.8965548  )
        51           O   tau(  51) = (   0.6174741   0.5662387   0.1660084  )
        52           O   tau(  52) = (   1.2841409   0.9487499   0.4095238  )
        53           O   tau(  53) = (   1.2841409   0.6386947   0.8965548  )
        54           O   tau(  54) = (   0.4508075   0.0286999   0.1660084  )
        55           O   tau(  55) = (   0.7841408   0.7937223   0.6530393  )
        56           O   tau(  56) = (   0.6174741   0.2561835   0.6530393  )
        57           O   tau(  57) = (   0.8825258   0.7363225   0.3210225  )
        58           O   tau(  58) = (   0.8825258   0.4262673   0.8080535  )
        59           O   tau(  59) = (   0.3825258   0.8913500   0.0775071  )
        60           O   tau(  60) = (   0.7158592   0.1987837   0.3210225  )
        61           O   tau(  61) = (   1.0491925   0.9638061   0.8080535  )
        62           O   tau(  62) = (   0.2158592   0.3538113   0.0775071  )
        63           O   tau(  63) = (   0.2158592   0.0437561   0.5645380  )
        64           O   tau(  64) = (   0.3825258   0.5812949   0.5645380  )
        65           O   tau(  65) = (   0.8333339   0.4569677   0.3376499  )
        66           O   tau(  66) = (   0.8333339   0.1469125   0.8246808  )
        67           O   tau(  67) = (   0.3333339   0.6119952   0.0941344  )
        68           O   tau(  68) = (   1.0000005   0.9945064   0.3376499  )
        69           O   tau(  69) = (   1.0000005   0.6844513   0.8246808  )
        70           O   tau(  70) = (   0.1666672   0.0744564   0.0941344  )
        71           O   tau(  71) = (   0.5000005   0.8394788   0.5811654  )
        72           O   tau(  72) = (   0.3333339   0.3019401   0.5811654  )
        73           O   tau(  73) = (   1.1666660   0.6905658   0.3928965  )
        74           O   tau(  74) = (   1.1666660   0.3805107   0.8799274  )
        75           O   tau(  75) = (   0.6666661   0.8455934   0.1493811  )
        76           O   tau(  76) = (   0.9999994   0.1530271   0.3928965  )
        77           O   tau(  77) = (   1.3333327   0.9180494   0.8799274  )
        78           O   tau(  78) = (   0.4999994   0.3080546   0.1493811  )
        79           O   tau(  79) = (   0.4999994  -0.0020005   0.6364120  )
        80           O   tau(  80) = (   0.6666660   0.5355382   0.6364120  )

     number of k points=     8  Methfessel-Paxton smearing, width (Ry)=  0.0100
                       cart. coord. in units 2pi/alat
        k(    1) = (   0.5000000   0.3100552   0.4540455), wk =   0.1250000
        k(    2) = (   0.0000000   0.4650827   0.5527396), wk =   0.1250000
        k(    3) = (   0.5000000  -0.1550276   0.4146203), wk =   0.1250000
        k(    4) = (   0.0000000   0.0000000   0.5133144), wk =   0.1250000
        k(    5) = (   0.5000000   0.3100552  -0.0592689), wk =   0.1250000
        k(    6) = (   0.0000000   0.4650827   0.0394252), wk =   0.1250000
        k(    7) = (   0.5000000  -0.1550276  -0.0986941), wk =   0.1250000
        k(    8) = (   0.0000000   0.0000000   0.0000000), wk =   0.1250000

     Dense  grid:  5766487 G-vectors     FFT dimensions: ( 225, 250, 225)

     Estimated max dynamical RAM per process >       3.98 GB

     Estimated total dynamical RAM >     143.20 GB
     Generating pointlists ...
     new r_m :   0.0847 (alat units)  1.5585 (a.u.) for type    1
     new r_m :   0.0847 (alat units)  1.5585 (a.u.) for type    2
     new r_m :   0.1028 (alat units)  1.8914 (a.u.) for type    3
     new r_m :   0.0847 (alat units)  1.5585 (a.u.) for type    4
     new r_m :   0.0847 (alat units)  1.5585 (a.u.) for type    5

     The initial density is read from file :
     pwscf_output/pwscf.save/charge-density

     Number of +U iterations with fixed ns =  0
     Starting occupations:
 --- enter write_ns ---
 LDA+U parameters:
U( 1)     =  6.00000000
alpha( 1) =  0.00000000
U( 2)     =  6.00000000
alpha( 2) =  0.00000000
U( 4)     =  3.00000000
alpha( 4) =  0.00000000
atom   17   Tr[ns(na)] (up, down, total) =   4.89264  1.83665  6.72929
   spin  1
    eigenvalues: 
  0.973  0.978  0.979  0.980  0.982
    eigenvectors:
  0.001  0.604  0.222  0.120  0.053
  0.017  0.003  0.353  0.443  0.183
  0.616  0.021  0.064  0.114  0.185
  0.365  0.073  0.043  0.320  0.200
  0.001  0.299  0.318  0.003  0.379
    occupations:
  0.979  0.001  0.000 -0.000  0.001
  0.001  0.980 -0.001 -0.000  0.001
  0.000 -0.001  0.976 -0.004 -0.001
 -0.000 -0.000 -0.004  0.978  0.001
  0.001  0.001 -0.001  0.001  0.980
   spin  2
    eigenvalues: 
  0.087  0.104  0.310  0.387  0.948
    eigenvectors:
  0.143  0.049  0.544  0.264  0.000
  0.721  0.049  0.055  0.149  0.027
  0.063  0.289  0.027  0.031  0.590
  0.006  0.518  0.072  0.020  0.383
  0.067  0.096  0.302  0.535  0.000
    occupations:
  0.288  0.096 -0.008 -0.024  0.021
  0.096  0.168  0.098  0.087  0.055
 -0.008  0.098  0.615  0.386 -0.066
 -0.024  0.087  0.386  0.448  0.052
  0.021  0.055 -0.066  0.052  0.317
atomic mag. moment =     3.055984
atom   18   Tr[ns(na)] (up, down, total) =   4.89380  1.82562  6.71942
   spin  1
    eigenvalues: 
  0.974  0.979  0.979  0.981  0.981
    eigenvectors:
  0.002  0.629  0.199  0.057  0.113
  0.003  0.027  0.123  0.804  0.043
  0.662  0.065  0.010  0.029  0.233
  0.332  0.100  0.021  0.018  0.528
  0.000  0.178  0.648  0.092  0.082
    occupations:
  0.979  0.001  0.000 -0.001  0.000
  0.001  0.981 -0.000 -0.000  0.000
  0.000 -0.000  0.976 -0.003 -0.001
 -0.001 -0.000 -0.003  0.979  0.001
  0.000  0.000 -0.001  0.001  0.979
   spin  2
    eigenvalues: 
  0.093  0.093  0.336  0.347  0.957
    eigenvectors:
  0.007  0.178  0.773  0.039  0.003
  0.000  0.797  0.134  0.068  0.002
  0.265  0.000  0.004  0.063  0.668
  0.553  0.002  0.036  0.082  0.327
  0.175  0.023  0.053  0.748  0.001
    occupations:
  0.293  0.093  0.040  0.001 -0.004
  0.093  0.144  0.017  0.022  0.038
  0.040  0.017  0.687  0.383 -0.042
  0.001  0.022  0.383  0.405  0.085
 -0.004  0.038 -0.042  0.085  0.297
atomic mag. moment =     3.068175
atom   19   Tr[ns(na)] (up, down, total) =   4.89245  1.83695  6.72940
   spin  1
    eigenvalues: 
  0.973  0.978  0.979  0.981  0.982
    eigenvectors:
  0.015  0.723  0.048  0.041  0.173
  0.001  0.088  0.002  0.892  0.018
  0.619  0.031  0.193  0.004  0.153
  0.364  0.004  0.236  0.012  0.384
  0.001  0.154  0.521  0.052  0.272
    occupations:
  0.979  0.001 -0.000 -0.001 -0.001
  0.001  0.980  0.000  0.000  0.000
 -0.000  0.000  0.976 -0.003 -0.000
 -0.001  0.000 -0.003  0.978  0.001
 -0.001  0.000 -0.000  0.001  0.980
   spin  2
    eigenvalues: 
  0.090  0.100  0.319  0.378  0.951
    eigenvectors:
  0.009  0.133  0.574  0.275  0.010
  0.008  0.792  0.196  0.000  0.004
  0.301  0.005  0.018  0.037  0.639
  0.529  0.005  0.009  0.109  0.347
  0.153  0.066  0.202  0.579  0.000
    occupations:
  0.310  0.069  0.073  0.016 -0.034
  0.069  0.146 -0.057 -0.023  0.041
  0.073 -0.057  0.654  0.384 -0.047
  0.016 -0.023  0.384  0.422  0.089
 -0.034  0.041 -0.047  0.089  0.304
atomic mag. moment =     3.055495
atom   20   Tr[ns(na)] (up, down, total) =   4.89245  1.83700  6.72945
   spin  1
    eigenvalues: 
  0.973  0.978  0.979  0.981  0.982
    eigenvectors:
  0.017  0.731  0.042  0.036  0.174
  0.002  0.080  0.002  0.896  0.020
  0.628  0.036  0.188  0.004  0.144
  0.352  0.004  0.253  0.013  0.378
  0.001  0.148  0.516  0.052  0.283
    occupations:
  0.979  0.001 -0.000 -0.001 -0.001
  0.001  0.980  0.000  0.000  0.000
 -0.000  0.000  0.976 -0.003 -0.000
 -0.001  0.000 -0.003  0.978  0.001
 -0.001  0.000 -0.000  0.001  0.980
   spin  2
    eigenvalues: 
  0.089  0.100  0.318  0.379  0.950
    eigenvectors:
  0.009  0.132  0.577  0.270  0.011
  0.009  0.789  0.196  0.000  0.005
  0.291  0.006  0.018  0.036  0.649
  0.539  0.007  0.009  0.110  0.335
  0.151  0.066  0.200  0.583  0.000
    occupations:
  0.310  0.068  0.077  0.017 -0.035
  0.068  0.147 -0.063 -0.027  0.040
  0.077 -0.063  0.663  0.380 -0.043
  0.017 -0.027  0.380  0.412  0.092
 -0.035  0.040 -0.043  0.092  0.305
atomic mag. moment =     3.055449
atom   21   Tr[ns(na)] (up, down, total) =   4.89712  1.81801  6.71513
   spin  1
    eigenvalues: 
  0.974  0.979  0.980  0.982  0.982
    eigenvectors:
  0.001  0.249  0.294  0.005  0.452
  0.010  0.044  0.447  0.010  0.489
  0.815  0.014  0.004  0.164  0.003
  0.150  0.285  0.040  0.490  0.035
  0.023  0.408  0.216  0.331  0.022
    occupations:
  0.981  0.001 -0.000 -0.001  0.000
  0.001  0.981 -0.001 -0.000  0.000
 -0.000 -0.001  0.975 -0.003 -0.001
 -0.001 -0.000 -0.003  0.980  0.001
  0.000  0.000 -0.001  0.001  0.980
   spin  2
    eigenvalues: 
  0.094  0.095  0.301  0.370  0.958
    eigenvectors:
  0.218  0.007  0.773  0.000  0.002
  0.634  0.134  0.203  0.017  0.012
  0.006  0.094  0.001  0.067  0.832
  0.140  0.603  0.022  0.094  0.140
  0.001  0.162  0.001  0.821  0.014
    occupations:
  0.256  0.087  0.029 -0.012  0.001
  0.087  0.151  0.075  0.033  0.041
  0.029  0.075  0.831  0.274  0.028
 -0.012  0.033  0.274  0.246  0.115
  0.001  0.041  0.028  0.115  0.333
atomic mag. moment =     3.079116
atom   22   Tr[ns(na)] (up, down, total) =   4.89255  1.83690  6.72945
   spin  1
    eigenvalues: 
  0.973  0.978  0.979  0.980  0.982
    eigenvectors:
  0.001  0.640  0.200  0.113  0.046
  0.018  0.004  0.345  0.461  0.172
  0.632  0.016  0.066  0.100  0.187
  0.347  0.072  0.052  0.322  0.207
  0.002  0.269  0.337  0.004  0.389
    occupations:
  0.979  0.001  0.000 -0.000  0.001
  0.001  0.980 -0.001 -0.000  0.001
  0.000 -0.001  0.976 -0.004 -0.001
 -0.000 -0.000 -0.004  0.978  0.001
  0.001  0.001 -0.001  0.001  0.980
   spin  2
    eigenvalues: 
  0.087  0.103  0.309  0.388  0.950
    eigenvectors:
  0.142  0.052  0.562  0.243  0.000
  0.715  0.052  0.061  0.144  0.029
  0.067  0.265  0.025  0.034  0.609
  0.008  0.537  0.071  0.021  0.362
  0.068  0.093  0.281  0.558  0.000
    occupations:
  0.286  0.095 -0.009 -0.025  0.022
  0.095  0.170  0.104  0.088  0.056
 -0.009  0.104  0.632  0.382 -0.061
 -0.025  0.088  0.382  0.430  0.058
  0.022  0.056 -0.061  0.058  0.319
atomic mag. moment =     3.055655
atom   23   Tr[ns(na)] (up, down, total) =   4.89712  1.81802  6.71513
   spin  1
    eigenvalues: 
  0.974  0.979  0.980  0.982  0.982
    eigenvectors:
  0.001  0.250  0.294  0.002  0.454
  0.010  0.045  0.445  0.017  0.484
  0.817  0.014  0.003  0.164  0.001
  0.149  0.287  0.041  0.477  0.046
  0.023  0.405  0.217  0.340  0.015
    occupations:
  0.981  0.001 -0.000 -0.001  0.000
  0.001  0.981 -0.001 -0.000  0.000
 -0.000 -0.001  0.975 -0.003 -0.001
 -0.001 -0.000 -0.003  0.980  0.001
  0.000  0.000 -0.001  0.001  0.980
   spin  2
    eigenvalues: 
  0.094  0.095  0.301  0.370  0.958
    eigenvectors:
  0.220  0.005  0.773  0.000  0.002
  0.645  0.124  0.204  0.016  0.012
  0.005  0.094  0.001  0.067  0.833
  0.129  0.615  0.022  0.095  0.139
  0.001  0.162  0.001  0.822  0.014
    occupations:
  0.256  0.087  0.030 -0.012  0.001
  0.087  0.151  0.072  0.032  0.040
  0.030  0.072  0.833  0.273  0.029
 -0.012  0.032  0.273  0.246  0.116
  0.001  0.040  0.029  0.116  0.333
atomic mag. moment =     3.079101
atom   24   Tr[ns(na)] (up, down, total) =   4.89387  1.82547  6.71935
   spin  1
    eigenvalues: 
  0.974  0.979  0.979  0.981  0.981
    eigenvectors:
  0.002  0.628  0.192  0.051  0.126
  0.003  0.030  0.122  0.782  0.062
  0.660  0.067  0.010  0.038  0.224
  0.335  0.102  0.021  0.029  0.513
  0.000  0.172  0.654  0.099  0.075
    occupations:
  0.979  0.001  0.000 -0.001  0.000
  0.001  0.981 -0.000 -0.000  0.000
  0.000 -0.000  0.976 -0.003 -0.001
 -0.001 -0.000 -0.003  0.979  0.001
  0.000  0.000 -0.001  0.001  0.979
   spin  2
    eigenvalues: 
  0.093  0.093  0.336  0.347  0.957
    eigenvectors:
  0.006  0.178  0.773  0.040  0.003
  0.115  0.682  0.133  0.068  0.001
  0.225  0.043  0.004  0.063  0.665
  0.455  0.097  0.036  0.082  0.330
  0.198  0.000  0.054  0.747  0.000
    occupations:
  0.293  0.093  0.040  0.002 -0.005
  0.093  0.144  0.016  0.021  0.038
  0.040  0.016  0.685  0.384 -0.043
  0.002  0.021  0.384  0.407  0.084
 -0.005  0.038 -0.043  0.084  0.296
atomic mag. moment =     3.068404
atom   25   Tr[ns(na)] (up, down, total) =   1.82563  4.89372  6.71935
   spin  1
    eigenvalues: 
  0.092  0.092  0.338  0.347  0.958
    eigenvectors:
  0.395  0.421  0.026  0.154  0.004
  0.171  0.031  0.200  0.598  0.000
  0.045  0.042  0.222  0.102  0.589
  0.017  0.072  0.366  0.141  0.404
  0.372  0.434  0.187  0.005  0.002
    occupations:
  0.141  0.094  0.030  0.050 -0.012
  0.094  0.294 -0.024 -0.003 -0.033
  0.030 -0.024  0.683  0.322 -0.089
  0.050 -0.003  0.322  0.567  0.044
 -0.012 -0.033 -0.089  0.044  0.141
   spin  2
    eigenvalues: 
  0.974  0.979  0.979  0.981  0.981
    eigenvectors:
  0.004  0.004  0.361  0.266  0.365
  0.001  0.465  0.147  0.383  0.005
  0.587  0.063  0.235  0.002  0.113
  0.405  0.080  0.253  0.001  0.261
  0.003  0.388  0.004  0.348  0.257
    occupations:
  0.980  0.001  0.000 -0.001 -0.000
  0.001  0.980  0.000  0.000  0.001
  0.000  0.000  0.976 -0.003 -0.000
 -0.001  0.000 -0.003  0.977  0.001
 -0.000  0.001 -0.000  0.001  0.980
atomic mag. moment =    -3.068092
atom   26   Tr[ns(na)] (up, down, total) =   1.82567  4.89371  6.71938
   spin  1
    eigenvalues: 
  0.092  0.092  0.338  0.346  0.958
    eigenvectors:
  0.389  0.427  0.035  0.145  0.004
  0.170  0.032  0.251  0.547  0.000
  0.044  0.042  0.200  0.125  0.590
  0.019  0.071  0.333  0.173  0.404
  0.379  0.427  0.181  0.011  0.002
    occupations:
  0.140  0.094  0.027  0.047 -0.012
  0.094  0.293 -0.022 -0.002 -0.033
  0.027 -0.022  0.684  0.322 -0.087
  0.047 -0.002  0.322  0.568  0.046
 -0.012 -0.033 -0.087  0.046  0.141
   spin  2
    eigenvalues: 
  0.974  0.979  0.979  0.981  0.981
    eigenvectors:
  0.003  0.003  0.364  0.291  0.338
  0.000  0.461  0.156  0.374  0.009
  0.588  0.066  0.227  0.003  0.115
  0.405  0.082  0.250  0.003  0.260
  0.003  0.388  0.003  0.329  0.278
    occupations:
  0.980  0.001  0.000 -0.001 -0.000
  0.001  0.980  0.000  0.000  0.001
  0.000  0.000  0.976 -0.003 -0.000
 -0.001  0.000 -0.003  0.977  0.001
 -0.000  0.001 -0.000  0.001  0.980
atomic mag. moment =    -3.068041
atom   27   Tr[ns(na)] (up, down, total) =   1.82553  4.89358  6.71911
   spin  1
    eigenvalues: 
  0.092  0.093  0.326  0.357  0.957
    eigenvectors:
  0.782  0.005  0.000  0.172  0.041
  0.165  0.029  0.004  0.792  0.010
  0.023  0.100  0.289  0.006  0.582
  0.030  0.081  0.518  0.009  0.361
  0.000  0.785  0.188  0.021  0.006
    occupations:
  0.174  0.080  0.123  0.119 -0.027
  0.080  0.312 -0.078 -0.041 -0.034
  0.123 -0.078  0.665  0.304 -0.101
  0.119 -0.041  0.304  0.528  0.030
 -0.027 -0.034 -0.101  0.030  0.147
   spin  2
    eigenvalues: 
  0.974  0.978  0.979  0.981  0.981
    eigenvectors:
  0.035  0.283  0.023  0.008  0.650
  0.015  0.138  0.306  0.343  0.198
  0.580  0.325  0.070  0.004  0.020
  0.364  0.242  0.174  0.097  0.123
  0.005  0.011  0.427  0.548  0.009
    occupations:
  0.980  0.001 -0.000 -0.002 -0.000
  0.001  0.980  0.000  0.001  0.001
 -0.000  0.000  0.976 -0.002  0.000
 -0.002  0.001 -0.002  0.977  0.001
 -0.000  0.001  0.000  0.001  0.980
atomic mag. moment =    -3.068045
atom   28   Tr[ns(na)] (up, down, total) =   1.82467  4.89289  6.71757
   spin  1
    eigenvalues: 
  0.094  0.095  0.309  0.367  0.959
    eigenvectors:
  0.305  0.397  0.089  0.206  0.002
  0.134  0.063  0.015  0.711  0.078
  0.134  0.452  0.375  0.010  0.028
  0.401  0.084  0.329  0.001  0.185
  0.026  0.004  0.193  0.071  0.706
    occupations:
  0.172  0.108 -0.045  0.024  0.030
  0.108  0.359  0.033 -0.110  0.130
 -0.045  0.033  0.202 -0.139  0.072
  0.024 -0.110 -0.139  0.326 -0.262
  0.030  0.130  0.072 -0.262  0.766
   spin  2
    eigenvalues: 
  0.974  0.978  0.980  0.980  0.982
    eigenvectors:
  0.001  0.004  0.156  0.017  0.822
  0.068  0.110  0.359  0.335  0.128
  0.074  0.061  0.325  0.511  0.029
  0.397  0.460  0.091  0.052  0.001
  0.460  0.366  0.070  0.086  0.019
    occupations:
  0.981  0.001 -0.000  0.000 -0.000
  0.001  0.979 -0.000  0.001 -0.002
 -0.000 -0.000  0.979  0.001 -0.001
  0.000  0.001  0.001  0.977  0.002
 -0.000 -0.002 -0.001  0.002  0.976
atomic mag. moment =    -3.068224
atom   29   Tr[ns(na)] (up, down, total) =   1.82461  4.89290  6.71751
   spin  1
    eigenvalues: 
  0.094  0.095  0.307  0.370  0.959
    eigenvectors:
  0.563  0.143  0.070  0.223  0.001
  0.188  0.007  0.029  0.695  0.080
  0.008  0.589  0.368  0.019  0.016
  0.225  0.235  0.328  0.006  0.207
  0.016  0.026  0.205  0.057  0.696
    occupations:
  0.172  0.107 -0.048  0.030  0.017
  0.107  0.361  0.022 -0.115  0.133
 -0.048  0.022  0.192 -0.126  0.042
  0.030 -0.115 -0.126  0.344 -0.278
  0.017  0.133  0.042 -0.278  0.755
   spin  2
    eigenvalues: 
  0.974  0.978  0.980  0.980  0.982
    eigenvectors:
  0.000  0.004  0.172  0.009  0.815
  0.074  0.078  0.442  0.266  0.140
  0.054  0.079  0.235  0.603  0.028
  0.426  0.438  0.052  0.084  0.000
  0.446  0.400  0.100  0.038  0.017
    occupations:
  0.981  0.001 -0.000  0.000 -0.000
  0.001  0.979 -0.000  0.001 -0.001
 -0.000 -0.000  0.979  0.001 -0.001
  0.000  0.001  0.001  0.976  0.002
 -0.000 -0.001 -0.001  0.002  0.976
atomic mag. moment =    -3.068286
atom   30   Tr[ns(na)] (up, down, total) =   1.82558  4.89356  6.71914
   spin  1
    eigenvalues: 
  0.092  0.093  0.327  0.356  0.958
    eigenvectors:
  0.783  0.006  0.001  0.171  0.040
  0.167  0.027  0.002  0.796  0.009
  0.023  0.093  0.292  0.004  0.589
  0.028  0.087  0.521  0.005  0.359
  0.000  0.787  0.185  0.024  0.004
    occupations:
  0.172  0.081  0.121  0.116 -0.025
  0.081  0.310 -0.074 -0.039 -0.035
  0.121 -0.074  0.671  0.305 -0.094
  0.116 -0.039  0.305  0.526  0.037
 -0.025 -0.035 -0.094  0.037  0.146
   spin  2
    eigenvalues: 
  0.974  0.978  0.979  0.981  0.981
    eigenvectors:
  0.034  0.289  0.025  0.003  0.650
  0.013  0.128  0.327  0.360  0.172
  0.590  0.322  0.062  0.004  0.023
  0.360  0.253  0.166  0.081  0.141
  0.004  0.008  0.421  0.552  0.015
    occupations:
  0.980  0.001 -0.000 -0.002 -0.000
  0.001  0.980  0.000  0.001  0.001
 -0.000  0.000  0.976 -0.002  0.000
 -0.002  0.001 -0.002  0.977  0.001
 -0.000  0.001  0.000  0.001  0.980
atomic mag. moment =    -3.067977
atom   31   Tr[ns(na)] (up, down, total) =   1.82389  4.89461  6.71850
   spin  1
    eigenvalues: 
  0.092  0.093  0.335  0.349  0.956
    eigenvectors:
  0.551  0.271  0.171  0.005  0.001
  0.185  0.010  0.713  0.091  0.001
  0.009  0.040  0.057  0.268  0.626
  0.018  0.110  0.059  0.443  0.370
  0.237  0.568  0.000  0.193  0.001
    occupations:
  0.136  0.091  0.011  0.031 -0.007
  0.091  0.289  0.012  0.014 -0.033
  0.011  0.012  0.716  0.314 -0.033
  0.031  0.014  0.314  0.540  0.094
 -0.007 -0.033 -0.033  0.094  0.143
   spin  2
    eigenvalues: 
  0.974  0.979  0.979  0.981  0.982
    eigenvectors:
  0.002  0.027  0.452  0.323  0.196
  0.002  0.227  0.380  0.389  0.002
  0.625  0.147  0.060  0.000  0.167
  0.370  0.216  0.099  0.017  0.297
  0.000  0.383  0.008  0.271  0.338
    occupations:
  0.980  0.001  0.000 -0.001  0.000
  0.001  0.980 -0.000 -0.000  0.001
  0.000 -0.000  0.976 -0.003 -0.001
 -0.001 -0.000 -0.003  0.978  0.001
  0.000  0.001 -0.001  0.001  0.980
atomic mag. moment =    -3.070719
atom   32   Tr[ns(na)] (up, down, total) =   0.67996  4.23831  4.91828
   spin  1
    eigenvalues: 
  0.072  0.077  0.077  0.210  0.244
    eigenvectors:
  0.055  0.188  0.519  0.005  0.233
  0.122  0.000  0.161  0.071  0.646
  0.073  0.513  0.105  0.261  0.047
  0.320  0.010  0.211  0.407  0.052
  0.429  0.288  0.003  0.257  0.022
    occupations:
  0.116  0.063 -0.023  0.024 -0.007
  0.063  0.194 -0.011  0.009 -0.039
 -0.023 -0.011  0.119 -0.052 -0.028
  0.024  0.009 -0.052  0.138  0.039
 -0.007 -0.039 -0.028  0.039  0.113
   spin  2
    eigenvalues: 
  0.453  0.896  0.961  0.964  0.964
    eigenvectors:
  0.271  0.003  0.128  0.597  0.001
  0.625  0.077  0.117  0.119  0.063
  0.044  0.264  0.201  0.000  0.491
  0.046  0.438  0.291  0.183  0.041
  0.015  0.218  0.263  0.101  0.403
    occupations:
  0.825 -0.209  0.057 -0.059  0.031
 -0.209  0.639  0.075 -0.074  0.057
  0.057  0.075  0.923  0.045  0.004
 -0.059 -0.074  0.045  0.910 -0.007
  0.031  0.057  0.004 -0.007  0.941
atomic mag. moment =    -3.558350
N of occupied +U levels =  105.735452
 --- exit write_ns ---
 Atomic wfc used for LDA+U Projector are NOT orthogonalized
     Starting wfcs from file
     Calculation restarted from scf iteration #   159

     total cpu time spent up to now is       35.4 secs

     Self-consistent Calculation

     iteration #159     ecut=   350.00 Ry     beta= 0.10
     Calculation restarted from kpoint #    13
     Davidson diagonalization with overlap
     c_bands:  3 eigenvalues not converged
     c_bands:  3 eigenvalues not converged
     c_bands:  2 eigenvalues not converged
     ethr =  2.76E-09,  avg # of iterations =  9.0

     total cpu time spent up to now is     3001.1 secs

     total energy              =   -7120.80585347 Ry
     Harris-Foulkes estimate   =   -7120.80679030 Ry
     estimated scf accuracy    <       0.00014588 Ry

     total magnetization       =     0.00 Bohr mag/cell
     absolute magnetization    =    54.27 Bohr mag/cell

     iteration #160     ecut=   350.00 Ry     beta= 0.10
     Davidson diagonalization with overlap
     ethr =  2.76E-09,  avg # of iterations =  4.4

     total cpu time spent up to now is     4246.3 secs

     total energy              =   -7120.80567514 Ry
     Harris-Foulkes estimate   =   -7120.80699258 Ry
     estimated scf accuracy    <       0.00018988 Ry

     total magnetization       =     0.00 Bohr mag/cell
     absolute magnetization    =    54.27 Bohr mag/cell

     iteration #161     ecut=   350.00 Ry     beta= 0.10
     Davidson diagonalization with overlap
     ethr =  2.76E-09,  avg # of iterations =  4.5

     total cpu time spent up to now is     5476.8 secs

     total energy              =   -7120.80592367 Ry
     Harris-Foulkes estimate   =   -7120.80679171 Ry
     estimated scf accuracy    <       0.00014962 Ry

     total magnetization       =     0.00 Bohr mag/cell
     absolute magnetization    =    54.27 Bohr mag/cell

     iteration #162     ecut=   350.00 Ry     beta= 0.10
     Davidson diagonalization with overlap
     ethr =  2.76E-09,  avg # of iterations =  4.0

     total cpu time spent up to now is     6632.2 secs

     total energy              =   -7120.80603656 Ry
     Harris-Foulkes estimate   =   -7120.80663003 Ry
     estimated scf accuracy    <       0.00010661 Ry

     total magnetization       =     0.00 Bohr mag/cell
     absolute magnetization    =    54.26 Bohr mag/cell

     iteration #163     ecut=   350.00 Ry     beta= 0.10
     Davidson diagonalization with overlap
     ethr =  2.76E-09,  avg # of iterations =  3.5

     total cpu time spent up to now is     7728.5 secs

     total energy              =   -7120.80568276 Ry
     Harris-Foulkes estimate   =   -7120.80649690 Ry
     estimated scf accuracy    <       0.00005609 Ry

     total magnetization       =     0.00 Bohr mag/cell
     absolute magnetization    =    54.26 Bohr mag/cell

     iteration #164     ecut=   350.00 Ry     beta= 0.10
     Davidson diagonalization with overlap
     ethr =  2.76E-09,  avg # of iterations =  4.4

     total cpu time spent up to now is     8942.7 secs

     total energy              =   -7120.80670523 Ry
     Harris-Foulkes estimate   =   -7120.80669223 Ry
     estimated scf accuracy    <       0.00012309 Ry

     total magnetization       =    -0.00 Bohr mag/cell
     absolute magnetization    =    54.27 Bohr mag/cell

     iteration #165     ecut=   350.00 Ry     beta= 0.10
     Davidson diagonalization with overlap
     ethr =  2.76E-09,  avg # of iterations =  2.0

     total cpu time spent up to now is     9727.8 secs

     total energy              =   -7120.80603619 Ry
     Harris-Foulkes estimate   =   -7120.80670896 Ry
     estimated scf accuracy    <       0.00011173 Ry

     total magnetization       =    -0.00 Bohr mag/cell
     absolute magnetization    =    54.27 Bohr mag/cell

     iteration #166     ecut=   350.00 Ry     beta= 0.10
     Davidson diagonalization with overlap
     ethr =  2.76E-09,  avg # of iterations =  4.3

     total cpu time spent up to now is    10931.0 secs

     total energy              =   -7120.80658290 Ry
     Harris-Foulkes estimate   =   -7120.80695334 Ry
     estimated scf accuracy    <       0.00007911 Ry

     total magnetization       =     0.00 Bohr mag/cell
     absolute magnetization    =    54.27 Bohr mag/cell

     iteration #167     ecut=   350.00 Ry     beta= 0.10
     Davidson diagonalization with overlap
     ethr =  2.76E-09,  avg # of iterations =  3.6

     total cpu time spent up to now is    11980.1 secs

     total energy              =   -7120.78841193 Ry
     Harris-Foulkes estimate   =   -7120.80684838 Ry
     estimated scf accuracy    <       0.00006445 Ry

     total magnetization       =     0.00 Bohr mag/cell
     absolute magnetization    =    54.27 Bohr mag/cell

     iteration #168     ecut=   350.00 Ry     beta= 0.10
     Davidson diagonalization with overlap
     ethr =  2.76E-09,  avg # of iterations =  5.2

     total cpu time spent up to now is    13677.5 secs

     total energy              =   -7120.80562466 Ry
     Harris-Foulkes estimate   =   -7120.80556711 Ry
     estimated scf accuracy    <       0.00046139 Ry

     total magnetization       =     0.00 Bohr mag/cell
     absolute magnetization    =    54.26 Bohr mag/cell

     iteration #169     ecut=   350.00 Ry     beta= 0.10
     Davidson diagonalization with overlap
     ethr =  2.76E-09,  avg # of iterations =  3.3

     total cpu time spent up to now is    14642.1 secs

     total energy              =   -7120.80578122 Ry
     Harris-Foulkes estimate   =   -7120.80574346 Ry
     estimated scf accuracy    <       0.00029830 Ry

     total magnetization       =    -0.00 Bohr mag/cell
     absolute magnetization    =    54.26 Bohr mag/cell

     iteration #170     ecut=   350.00 Ry     beta= 0.10
     Davidson diagonalization with overlap
     ethr =  2.76E-09,  avg # of iterations =  2.0

     total cpu time spent up to now is    15425.7 secs

     total energy              =   -7120.80360705 Ry
     Harris-Foulkes estimate   =   -7120.80578522 Ry
     estimated scf accuracy    <       0.00025707 Ry

     total magnetization       =    -0.00 Bohr mag/cell
     absolute magnetization    =    54.26 Bohr mag/cell

     iteration #171     ecut=   350.00 Ry     beta= 0.10
     Davidson diagonalization with overlap
     ethr =  2.76E-09,  avg # of iterations =  4.5

     total cpu time spent up to now is    16848.2 secs

     total energy              =   -7120.80607186 Ry
     Harris-Foulkes estimate   =   -7120.80634794 Ry
     estimated scf accuracy    <       0.00005069 Ry

     total magnetization       =    -0.00 Bohr mag/cell
     absolute magnetization    =    54.27 Bohr mag/cell

     iteration #172     ecut=   350.00 Ry     beta= 0.10
     Davidson diagonalization with overlap
     ethr =  2.76E-09,  avg # of iterations =  3.5

     total cpu time spent up to now is    17869.4 secs

     total energy              =   -7120.79926426 Ry
     Harris-Foulkes estimate   =   -7120.80625325 Ry
     estimated scf accuracy    <       0.00003460 Ry

     total magnetization       =    -0.00 Bohr mag/cell
     absolute magnetization    =    54.26 Bohr mag/cell

     iteration #173     ecut=   350.00 Ry     beta= 0.10
     Davidson diagonalization with overlap
     ethr =  2.76E-09,  avg # of iterations =  4.9

     total cpu time spent up to now is    19434.0 secs

     total energy              =   -7120.80278370 Ry
     Harris-Foulkes estimate   =   -7120.80691746 Ry
     estimated scf accuracy    <       0.00004364 Ry

     total magnetization       =    -0.00 Bohr mag/cell
     absolute magnetization    =    54.27 Bohr mag/cell

     iteration #174     ecut=   350.00 Ry     beta= 0.10
     Davidson diagonalization with overlap
     ethr =  2.76E-09,  avg # of iterations =  4.6

     total cpu time spent up to now is    20879.6 secs

     total energy              =   -7120.79401296 Ry
     Harris-Foulkes estimate   =   -7120.80647011 Ry
     estimated scf accuracy    <       0.00002930 Ry

     total magnetization       =     0.00 Bohr mag/cell
     absolute magnetization    =    54.26 Bohr mag/cell

     iteration #175     ecut=   350.00 Ry     beta= 0.10
     Davidson diagonalization with overlap
     ethr =  2.76E-09,  avg # of iterations =  5.1

     total cpu time spent up to now is    22506.1 secs

     total energy              =   -7120.80240848 Ry
     Harris-Foulkes estimate   =   -7120.80536300 Ry
     estimated scf accuracy    <       0.00033645 Ry

     total magnetization       =    -0.00 Bohr mag/cell
     absolute magnetization    =    54.26 Bohr mag/cell

     iteration #176     ecut=   350.00 Ry     beta= 0.10
     Davidson diagonalization with overlap
     ethr =  2.76E-09,  avg # of iterations =  4.8

     total cpu time spent up to now is    23970.6 secs

     total energy              =   -7120.80595814 Ry
     Harris-Foulkes estimate   =   -7120.80600722 Ry
     estimated scf accuracy    <       0.00017880 Ry

     total magnetization       =     0.00 Bohr mag/cell
     absolute magnetization    =    54.27 Bohr mag/cell

     iteration #177     ecut=   350.00 Ry     beta= 0.10
     Davidson diagonalization with overlap
     ethr =  2.76E-09,  avg # of iterations =  2.5

     total cpu time spent up to now is    24809.2 secs

     total energy              =   -7120.80551112 Ry
     Harris-Foulkes estimate   =   -7120.80598592 Ry
