
     Program PWSCF v.6.4.1 starts on 13Oct2021 at 18:19:17 

     This program is part of the open-source Quantum ESPRESSO suite
     for quantum simulation of materials; please cite
         "P. Giannozzi et al., J. Phys.:Condens. Matter 21 395502 (2009);
         "P. Giannozzi et al., J. Phys.:Condens. Matter 29 465901 (2017);
          URL http://www.quantum-espresso.org", 
     in publications or presentations arising from this work. More details at
     http://www.quantum-espresso.org/quote

     Parallel version (MPI & OpenMP), running on      36 processor cores
     Number of MPI processes:                36
     Threads/MPI process:                     1

     MPI processes distributed on     1 nodes
     R & G space division:  proc/nbgrp/npool/nimage =      36
     Reading input from scf.in

     Current dimensions of program PWSCF are:
     Max number of different atomic species (ntypx) = 10
     Max number of k-points (npk) =  40000
     Max angular momentum in pseudopotentials (lmaxx) =  3

     Atomic positions and unit cell read from directory:
     pwscf_output/pwscf.save/
 
     Message from routine readpp:
     file pwscf_output/pwscf.save/Co.opt.upf not found
     Message from routine readpp:
     file pwscf_output/pwscf.save/Co.opt.upf not found
     Message from routine readpp:
     file pwscf_output/pwscf.save/La.ropt1.upf not found
     Message from routine readpp:
     file pwscf_output/pwscf.save/Ni.opt.upf not found
     Message from routine readpp:
     file pwscf_output/pwscf.save/O.opt.upf not found

     IMPORTANT: XC functional enforced from input :
     Exchange-correlation      = LDA ( 1  1  0  0 0 0)
     Any further DFT definition will be discarded
     Please, verify this is what you really want


     Subspace diagonalization in iterative solution of the eigenvalue problem:
     one sub-group per band group will be used
     scalapack distributed-memory algorithm (size of sub-group:  4*  4 procs)

 
     Parallelization info
     --------------------
     sticks:   dense  smooth     PW     G-vecs:    dense   smooth      PW
     Min        1125    1125    289               160176   160176   20844
     Max        1126    1126    290               160182   160182   20847
     Sum       40533   40533  10413              5766487  5766487  750431
 


     bravais-lattice index     =            0
     lattice parameter (alat)  =      18.3955  a.u.
     unit-cell volume          =    6518.7163 (a.u.)^3
     number of atoms/cell      =           80
     number of atomic types    =            5
     number of electrons       =       737.00
     number of Kohn-Sham states=          443
     kinetic-energy cutoff     =     350.0000  Ry
     charge density cutoff     =    1400.0000  Ry
     convergence threshold     =      1.0E-05
     mixing beta               =       0.1000
     number of iterations used =            8  plain     mixing
     Exchange-correlation      = LDA ( 1  1  0  0 0 0)

     celldm(1)=  18.395514  celldm(2)=   0.000000  celldm(3)=   0.000000
     celldm(4)=   0.000000  celldm(5)=   0.000000  celldm(6)=   0.000000

     crystal axes: (cart. coord. in units of alat)
               a(1) = (   1.000000   0.000000   0.000000 )  
               a(2) = (   0.333333   1.075078   0.000000 )  
               a(3) = (   0.166667  -0.082572   0.974062 )  

     reciprocal axes: (cart. coord. in units 2 pi/alat)
               b(1) = (  1.000000 -0.310055 -0.197388 )  
               b(2) = (  0.000000  0.930165  0.078850 )  
               b(3) = (  0.000000  0.000000  1.026629 )  


     PseudoPot. # 1 for Co read from file:
     ./Co.opt.upf
     MD5 check sum: cbea422ea0772e228e39f0fc3ccfb1ba
     Pseudo is Norm-conserving, Zval = 17.0
     Generated by new atomic code, or converted to UPF format
     Using radial grid of 1161 points,  2 beta functions with: 
                l(1) =   0
                l(2) =   2

     PseudoPot. # 2 for Co read from file:
     ./Co.opt.upf
     MD5 check sum: cbea422ea0772e228e39f0fc3ccfb1ba
     Pseudo is Norm-conserving, Zval = 17.0
     Generated by new atomic code, or converted to UPF format
     Using radial grid of 1161 points,  2 beta functions with: 
                l(1) =   0
                l(2) =   2

     PseudoPot. # 3 for La read from file:
     ./La.ropt1.upf
     MD5 check sum: afd03827907f86c9752dba134992df7c
     Pseudo is Norm-conserving, Zval = 11.0
     Generated by new atomic code, or converted to UPF format
     Using radial grid of 1180 points,  2 beta functions with: 
                l(1) =   0
                l(2) =   2

     PseudoPot. # 4 for Ni read from file:
     ./Ni.opt.upf
     MD5 check sum: b7edf10417f5f3caa9f11af4e9f0b2a2
     Pseudo is Norm-conserving, Zval = 18.0
     Generated by new atomic code, or converted to UPF format
     Using radial grid of 1162 points,  2 beta functions with: 
                l(1) =   0
                l(2) =   2

     PseudoPot. # 5 for O  read from file:
     ./O.opt.upf
     MD5 check sum: 0b670aeee1f35195f09134313df81f8f
     Pseudo is Norm-conserving, Zval =  6.0
     Generated by new atomic code, or converted to UPF format
     Using radial grid of 1130 points,  1 beta functions with: 
                l(1) =   1

     atomic species   valence    mass     pseudopotential
        Co1           17.00    58.93300     Co( 1.00)
        Co2           17.00    58.93300     Co( 1.00)
        La            11.00   138.92000     La( 1.00)
        Ni            18.00    58.69000     Ni( 1.00)
        O              6.00    15.99900     O ( 1.00)

     Starting magnetic structure 
     atomic species   magnetization
        Co1          0.500
        Co2         -0.500
        La           0.000
        Ni          -0.500
        O            0.000


     Simplified LDA+U calculation (l_max = 2) with parameters (eV):
     atomic species    L          U    alpha       J0     beta
        Co1            2     6.0000   0.0000   0.0000   0.0000
        Co2            2     6.0000   0.0000   0.0000   0.0000
        Ni             2     4.0000   0.0000   0.0000   0.0000



     No symmetry found



   Cartesian axes

     site n.     atom                  positions (alat units)
         1           La  tau(   1) = (   1.0000000   0.2868835   0.1826366  )
         2           La  tau(   2) = (   1.0000000  -0.0231717   0.6696675  )
         3           La  tau(   3) = (   0.6666667   0.3593395   0.9131830  )
         4           La  tau(   4) = (   1.1666667   0.8244222   0.1826366  )
         5           La  tau(   5) = (   1.1666667   0.5143671   0.6696675  )
         6           La  tau(   6) = (   0.8333333   0.8968783   0.9131830  )
         7           La  tau(   7) = (   0.6666667   0.6693947   0.4261521  )
         8           La  tau(   8) = (   0.5000000   0.1318558   0.4261521  )
         9           La  tau(   9) = (   1.0000000   0.8606501   0.5479098  )
        10           La  tau(  10) = (   0.8333333   0.6331666   0.0608789  )
        11           La  tau(  11) = (   0.5000000   1.0156777   0.3043943  )
        12           La  tau(  12) = (   0.8333333   0.3231114   0.5479098  )
        13           La  tau(  13) = (   0.6666667   0.0956278   0.0608789  )
        14           La  tau(  14) = (   0.3333333   0.4781390   0.3043943  )
        15           La  tau(  15) = (   0.3333333   0.1680839   0.7914253  )
        16           La  tau(  16) = (   0.5000000   0.7056226   0.7914253  )
        17           Co1 tau(  17) = (   1.0000000   0.5737668   0.3652732  )
        18           Co1 tau(  18) = (   1.0000000   0.2637117   0.8523041  )
        19           Co1 tau(  19) = (   0.5000000   0.7287944   0.1217577  )
        20           Co1 tau(  20) = (   0.8333333   0.0362280   0.3652732  )
        21           Co1 tau(  21) = (   1.1666666   0.8012504   0.8523041  )
        22           Co1 tau(  22) = (   0.3333333   0.1912556   0.1217577  )
        23           Co1 tau(  23) = (   0.6666666   0.9562780   0.6087887  )
        24           Co1 tau(  24) = (   0.5000000   0.4187392   0.6087887  )
        25           Co2 tau(  25) = (   0.0000000   0.0000000   0.0000000  )
        26           Co2 tau(  26) = (   0.3333333   0.7650224   0.4870309  )
        27           Co2 tau(  27) = (   0.6666667   0.0724561   0.7305464  )
        28           Co2 tau(  28) = (   0.1666667   0.5375388   0.0000000  )
        29           Co2 tau(  29) = (   0.1666667   0.2274836   0.4870309  )
        30           Co2 tau(  30) = (   0.8333333   0.6099948   0.7305464  )
        31           Co2 tau(  31) = (   0.6666667   0.3825112   0.2435155  )
        32           Ni  tau(  32) = (   0.8333333   0.9200500   0.2435155  )
        33           O   tau(  33) = (   1.0491919   0.5662381   0.1660092  )
        34           O   tau(  34) = (   1.0491919   0.2561830   0.6530401  )
        35           O   tau(  35) = (   0.7158585   0.6386942   0.8965556  )
        36           O   tau(  36) = (   0.8825252   0.0286993   0.1660092  )
        37           O   tau(  37) = (   1.2158585   0.7937217   0.6530401  )
        38           O   tau(  38) = (   0.5491919   0.1011554   0.8965556  )
        39           O   tau(  39) = (   0.7158585   0.9487493   0.4095247  )
        40           O   tau(  40) = (   0.5491919   0.4112105   0.4095247  )
        41           O   tau(  41) = (   0.9508081   0.5812955   0.5645372  )
        42           O   tau(  42) = (   0.7841414   0.3538119   0.0775063  )
        43           O   tau(  43) = (   0.4508081   0.7363230   0.3210217  )
        44           O   tau(  44) = (   0.7841414   0.0437567   0.5645372  )
        45           O   tau(  45) = (   0.9508081   0.8913506   0.0775063  )
        46           O   tau(  46) = (   0.2841414   0.1987843   0.3210217  )
        47           O   tau(  47) = (   0.6174748   0.9638067   0.8080527  )
        48           O   tau(  48) = (   0.4508081   0.4262679   0.8080527  )
        49           O   tau(  49) = (   1.1174742   0.4112111   0.4095238  )
        50           O   tau(  50) = (   1.1174742   0.1011560   0.8965548  )
        51           O   tau(  51) = (   0.6174741   0.5662387   0.1660084  )
        52           O   tau(  52) = (   1.2841409   0.9487499   0.4095238  )
        53           O   tau(  53) = (   1.2841409   0.6386947   0.8965548  )
        54           O   tau(  54) = (   0.4508075   0.0286999   0.1660084  )
        55           O   tau(  55) = (   0.7841408   0.7937223   0.6530393  )
        56           O   tau(  56) = (   0.6174741   0.2561835   0.6530393  )
        57           O   tau(  57) = (   0.8825258   0.7363225   0.3210225  )
        58           O   tau(  58) = (   0.8825258   0.4262673   0.8080535  )
        59           O   tau(  59) = (   0.3825258   0.8913500   0.0775071  )
        60           O   tau(  60) = (   0.7158592   0.1987837   0.3210225  )
        61           O   tau(  61) = (   1.0491925   0.9638061   0.8080535  )
        62           O   tau(  62) = (   0.2158592   0.3538113   0.0775071  )
        63           O   tau(  63) = (   0.2158592   0.0437561   0.5645380  )
        64           O   tau(  64) = (   0.3825258   0.5812949   0.5645380  )
        65           O   tau(  65) = (   0.8333339   0.4569677   0.3376499  )
        66           O   tau(  66) = (   0.8333339   0.1469125   0.8246808  )
        67           O   tau(  67) = (   0.3333339   0.6119952   0.0941344  )
        68           O   tau(  68) = (   1.0000005   0.9945064   0.3376499  )
        69           O   tau(  69) = (   1.0000005   0.6844513   0.8246808  )
        70           O   tau(  70) = (   0.1666672   0.0744564   0.0941344  )
        71           O   tau(  71) = (   0.5000005   0.8394788   0.5811654  )
        72           O   tau(  72) = (   0.3333339   0.3019401   0.5811654  )
        73           O   tau(  73) = (   1.1666660   0.6905658   0.3928965  )
        74           O   tau(  74) = (   1.1666660   0.3805107   0.8799274  )
        75           O   tau(  75) = (   0.6666661   0.8455934   0.1493811  )
        76           O   tau(  76) = (   0.9999994   0.1530271   0.3928965  )
        77           O   tau(  77) = (   1.3333327   0.9180494   0.8799274  )
        78           O   tau(  78) = (   0.4999994   0.3080546   0.1493811  )
        79           O   tau(  79) = (   0.4999994  -0.0020005   0.6364120  )
        80           O   tau(  80) = (   0.6666660   0.5355382   0.6364120  )

     number of k points=     8  Methfessel-Paxton smearing, width (Ry)=  0.0100
                       cart. coord. in units 2pi/alat
        k(    1) = (   0.5000000   0.3100552   0.4540455), wk =   0.1250000
        k(    2) = (   0.0000000   0.4650827   0.5527396), wk =   0.1250000
        k(    3) = (   0.5000000  -0.1550276   0.4146203), wk =   0.1250000
        k(    4) = (   0.0000000   0.0000000   0.5133144), wk =   0.1250000
        k(    5) = (   0.5000000   0.3100552  -0.0592689), wk =   0.1250000
        k(    6) = (   0.0000000   0.4650827   0.0394252), wk =   0.1250000
        k(    7) = (   0.5000000  -0.1550276  -0.0986941), wk =   0.1250000
        k(    8) = (   0.0000000   0.0000000   0.0000000), wk =   0.1250000

     Dense  grid:  5766487 G-vectors     FFT dimensions: ( 225, 250, 225)

     Estimated max dynamical RAM per process >       4.00 GB

     Estimated total dynamical RAM >     144.01 GB
     Generating pointlists ...
     new r_m :   0.0847 (alat units)  1.5585 (a.u.) for type    1
     new r_m :   0.0847 (alat units)  1.5585 (a.u.) for type    2
     new r_m :   0.1028 (alat units)  1.8914 (a.u.) for type    3
     new r_m :   0.0847 (alat units)  1.5585 (a.u.) for type    4
     new r_m :   0.0847 (alat units)  1.5585 (a.u.) for type    5

     The initial density is read from file :
     pwscf_output/pwscf.save/charge-density

     Number of +U iterations with fixed ns =  0
     Starting occupations:
 --- enter write_ns ---
 LDA+U parameters:
U( 1)     =  6.00000000
alpha( 1) =  0.00000000
U( 2)     =  6.00000000
alpha( 2) =  0.00000000
U( 4)     =  4.00000000
alpha( 4) =  0.00000000
atom   17   Tr[ns(na)] (up, down, total) =   4.89343  1.83029  6.72372
   spin  1
    eigenvalues: 
  0.974  0.978  0.979  0.981  0.981
    eigenvectors:
  0.002  0.120  0.741  0.133  0.003
  0.003  0.011  0.131  0.659  0.196
  0.626  0.061  0.005  0.052  0.256
  0.369  0.068  0.005  0.152  0.408
  0.000  0.740  0.118  0.004  0.138
    occupations:
  0.979  0.001  0.000 -0.001  0.000
  0.001  0.981 -0.000 -0.000  0.001
  0.000 -0.000  0.976 -0.003 -0.000
 -0.001 -0.000 -0.003  0.978  0.001
  0.000  0.001 -0.000  0.001  0.979
   spin  2
    eigenvalues: 
  0.094  0.095  0.336  0.348  0.957
    eigenvectors:
  0.176  0.008  0.533  0.282  0.002
  0.792  0.000  0.049  0.156  0.003
  0.000  0.315  0.028  0.040  0.617
  0.002  0.498  0.083  0.038  0.379
  0.030  0.179  0.307  0.484  0.000
    occupations:
  0.296  0.095  0.030 -0.003 -0.004
  0.095  0.148  0.024  0.032  0.040
  0.030  0.024  0.644  0.395 -0.063
 -0.003  0.032  0.395  0.451  0.068
 -0.004  0.040 -0.063  0.068  0.292
atomic mag. moment =     3.063140
atom   18   Tr[ns(na)] (up, down, total) =   4.89431  1.82450  6.71881
   spin  1
    eigenvalues: 
  0.974  0.979  0.979  0.981  0.982
    eigenvectors:
  0.000  0.514  0.278  0.106  0.102
  0.009  0.035  0.145  0.024  0.787
  0.659  0.047  0.005  0.253  0.036
  0.330  0.124  0.012  0.525  0.009
  0.002  0.280  0.559  0.093  0.067
    occupations:
  0.979  0.001  0.000 -0.001  0.000
  0.001  0.981 -0.001 -0.000  0.000
  0.000 -0.001  0.976 -0.003 -0.001
 -0.001 -0.000 -0.003  0.978  0.000
  0.000  0.000 -0.001  0.000  0.979
   spin  2
    eigenvalues: 
  0.092  0.093  0.333  0.349  0.957
    eigenvectors:
  0.026  0.157  0.690  0.126  0.001
  0.026  0.769  0.097  0.100  0.008
  0.254  0.016  0.012  0.060  0.657
  0.544  0.005  0.056  0.061  0.333
  0.149  0.053  0.144  0.654  0.000
    occupations:
  0.292  0.093  0.023 -0.009 -0.002
  0.093  0.148  0.050  0.046  0.038
  0.023  0.050  0.679  0.383 -0.047
 -0.009  0.046  0.383  0.410  0.083
 -0.002  0.038 -0.047  0.083  0.295
atomic mag. moment =     3.069809
atom   19   Tr[ns(na)] (up, down, total) =   4.89356  1.82898  6.72254
   spin  1
    eigenvalues: 
  0.974  0.978  0.979  0.981  0.981
    eigenvectors:
  0.000  0.003  0.799  0.174  0.023
  0.003  0.042  0.128  0.771  0.057
  0.452  0.067  0.036  0.014  0.431
  0.535  0.010  0.034  0.027  0.394
  0.009  0.878  0.004  0.014  0.095
    occupations:
  0.979  0.001  0.000 -0.000 -0.000
  0.001  0.981 -0.000 -0.000  0.001
  0.000 -0.000  0.978 -0.003 -0.000
 -0.000 -0.000 -0.003  0.977  0.001
 -0.000  0.001 -0.000  0.001  0.979
   spin  2
    eigenvalues: 
  0.091  0.096  0.336  0.349  0.957
    eigenvectors:
  0.047  0.104  0.009  0.840  0.000
  0.323  0.490  0.024  0.157  0.007
  0.303  0.196  0.083  0.000  0.417
  0.131  0.188  0.110  0.001  0.569
  0.195  0.022  0.773  0.002  0.007
    occupations:
  0.310  0.089  0.008 -0.011 -0.012
  0.089  0.145  0.035  0.060  0.032
  0.008  0.035  0.474  0.398 -0.110
 -0.011  0.060  0.398  0.612  0.014
 -0.012  0.032 -0.110  0.014  0.287
atomic mag. moment =     3.064582
atom   20   Tr[ns(na)] (up, down, total) =   4.89354  1.82900  6.72254
   spin  1
    eigenvalues: 
  0.974  0.978  0.979  0.981  0.981
    eigenvectors:
  0.000  0.008  0.783  0.208  0.001
  0.001  0.043  0.130  0.603  0.222
  0.436  0.062  0.047  0.091  0.364
  0.551  0.006  0.032  0.098  0.314
  0.011  0.880  0.008  0.001  0.099
    occupations:
  0.979  0.001  0.000 -0.000 -0.000
  0.001  0.981 -0.000 -0.000  0.001
  0.000 -0.000  0.978 -0.003 -0.000
 -0.000 -0.000 -0.003  0.977  0.001
 -0.000  0.001 -0.000  0.001  0.979
   spin  2
    eigenvalues: 
  0.091  0.096  0.333  0.351  0.957
    eigenvectors:
  0.049  0.102  0.002  0.847  0.000
  0.326  0.488  0.033  0.150  0.003
  0.301  0.217  0.081  0.000  0.401
  0.130  0.172  0.109  0.003  0.586
  0.194  0.022  0.775  0.000  0.009
    occupations:
  0.312  0.090  0.012 -0.006 -0.014
  0.090  0.143  0.022  0.047  0.033
  0.012  0.022  0.459  0.396 -0.112
 -0.006  0.047  0.396  0.627  0.008
 -0.014  0.033 -0.112  0.008  0.287
atomic mag. moment =     3.064537
atom   21   Tr[ns(na)] (up, down, total) =   4.89356  1.82900  6.72255
   spin  1
    eigenvalues: 
  0.974  0.978  0.979  0.981  0.981
    eigenvectors:
  0.002  0.711  0.147  0.019  0.121
  0.005  0.034  0.081  0.108  0.772
  0.708  0.035  0.004  0.244  0.010
  0.281  0.092  0.037  0.496  0.094
  0.004  0.129  0.731  0.133  0.004
    occupations:
  0.979  0.001  0.000 -0.001  0.000
  0.001  0.981 -0.000 -0.000  0.000
  0.000 -0.000  0.976 -0.003 -0.001
 -0.001 -0.000 -0.003  0.979  0.000
  0.000  0.000 -0.001  0.000  0.979
   spin  2
    eigenvalues: 
  0.092  0.095  0.339  0.346  0.958
    eigenvectors:
  0.070  0.120  0.509  0.298  0.003
  0.113  0.687  0.056  0.139  0.005
  0.170  0.037  0.025  0.043  0.725
  0.543  0.072  0.094  0.027  0.264
  0.105  0.085  0.316  0.492  0.003
    occupations:
  0.296  0.096  0.037 -0.009  0.001
  0.096  0.148  0.042  0.030  0.036
  0.037  0.042  0.737  0.358 -0.019
 -0.009  0.030  0.358  0.351  0.096
  0.001  0.036 -0.019  0.096  0.298
atomic mag. moment =     3.064562
atom   22   Tr[ns(na)] (up, down, total) =   4.89350  1.83016  6.72366
   spin  1
    eigenvalues: 
  0.974  0.978  0.979  0.981  0.981
    eigenvectors:
  0.004  0.199  0.660  0.129  0.008
  0.001  0.003  0.132  0.706  0.157
  0.652  0.062  0.004  0.037  0.245
  0.343  0.086  0.000  0.122  0.449
  0.000  0.650  0.203  0.005  0.142
    occupations:
  0.979  0.001  0.000 -0.001  0.000
  0.001  0.981 -0.000 -0.000  0.001
  0.000 -0.000  0.976 -0.003 -0.001
 -0.001 -0.000 -0.003  0.979  0.001
  0.000  0.001 -0.001  0.001  0.979
   spin  2
    eigenvalues: 
  0.093  0.095  0.337  0.347  0.957
    eigenvectors:
  0.180  0.006  0.664  0.146  0.003
  0.791  0.000  0.088  0.120  0.001
  0.001  0.287  0.015  0.050  0.647
  0.002  0.527  0.062  0.059  0.349
  0.026  0.179  0.171  0.625  0.000
    occupations:
  0.295  0.094  0.040  0.002 -0.005
  0.094  0.146  0.011  0.019  0.040
  0.040  0.011  0.669  0.389 -0.052
  0.002  0.019  0.389  0.426  0.077
 -0.005  0.040 -0.052  0.077  0.294
atomic mag. moment =     3.063340
atom   23   Tr[ns(na)] (up, down, total) =   4.89351  1.82907  6.72258
   spin  1
    eigenvalues: 
  0.974  0.978  0.979  0.981  0.981
    eigenvectors:
  0.001  0.696  0.167  0.024  0.112
  0.006  0.029  0.086  0.071  0.809
  0.705  0.033  0.003  0.254  0.004
  0.283  0.094  0.033  0.523  0.067
  0.004  0.149  0.711  0.128  0.008
    occupations:
  0.979  0.001  0.000 -0.001  0.000
  0.001  0.981 -0.001 -0.000  0.000
  0.000 -0.001  0.976 -0.003 -0.001
 -0.001 -0.000 -0.003  0.979  0.000
  0.000  0.000 -0.001  0.000  0.979
   spin  2
    eigenvalues: 
  0.092  0.095  0.338  0.347  0.958
    eigenvectors:
  0.069  0.121  0.505  0.303  0.002
  0.109  0.690  0.055  0.140  0.006
  0.169  0.039  0.026  0.043  0.723
  0.546  0.067  0.094  0.027  0.266
  0.106  0.084  0.320  0.487  0.003
    occupations:
  0.296  0.096  0.034 -0.010  0.001
  0.096  0.148  0.047  0.034  0.037
  0.034  0.047  0.735  0.358 -0.020
 -0.010  0.034  0.358  0.352  0.095
  0.001  0.037 -0.020  0.095  0.297
atomic mag. moment =     3.064434
atom   24   Tr[ns(na)] (up, down, total) =   4.89422  1.82485  6.71906
   spin  1
    eigenvalues: 
  0.974  0.979  0.979  0.981  0.981
    eigenvectors:
  0.001  0.604  0.196  0.105  0.094
  0.007  0.050  0.120  0.024  0.799
  0.667  0.047  0.007  0.246  0.033
  0.323  0.113  0.027  0.528  0.009
  0.002  0.186  0.651  0.096  0.064
    occupations:
  0.979  0.001  0.000 -0.001  0.000
  0.001  0.981 -0.001 -0.000  0.000
  0.000 -0.001  0.976 -0.003 -0.001
 -0.001 -0.000 -0.003  0.978  0.000
  0.000  0.000 -0.001  0.000  0.979
   spin  2
    eigenvalues: 
  0.092  0.093  0.334  0.349  0.957
    eigenvectors:
  0.075  0.109  0.730  0.084  0.002
  0.172  0.624  0.113  0.085  0.005
  0.196  0.065  0.008  0.062  0.668
  0.467  0.091  0.048  0.070  0.324
  0.089  0.111  0.101  0.699  0.001
    occupations:
  0.292  0.094  0.029 -0.006 -0.003
  0.094  0.146  0.041  0.038  0.038
  0.029  0.041  0.688  0.381 -0.043
 -0.006  0.038  0.381  0.402  0.086
 -0.003  0.038 -0.043  0.086  0.296
atomic mag. moment =     3.069371
atom   25   Tr[ns(na)] (up, down, total) =   1.82821  4.89197  6.72018
   spin  1
    eigenvalues: 
  0.093  0.093  0.335  0.350  0.958
    eigenvectors:
  0.000  0.808  0.060  0.108  0.024
  0.029  0.164  0.189  0.618  0.001
  0.048  0.007  0.254  0.047  0.643
  0.133  0.021  0.408  0.108  0.330
  0.789  0.000  0.089  0.120  0.002
    occupations:
  0.156  0.088  0.096  0.087 -0.006
  0.088  0.298 -0.029 -0.013 -0.040
  0.096 -0.029  0.723  0.302 -0.028
  0.087 -0.013  0.302  0.505  0.095
 -0.006 -0.040 -0.028  0.095  0.146
   spin  2
    eigenvalues: 
  0.974  0.978  0.979  0.981  0.981
    eigenvectors:
  0.021  0.126  0.247  0.320  0.286
  0.002  0.298  0.455  0.204  0.041
  0.651  0.141  0.132  0.012  0.064
  0.323  0.269  0.098  0.095  0.215
  0.002  0.165  0.069  0.369  0.395
    occupations:
  0.980  0.000  0.000 -0.002 -0.000
  0.000  0.979  0.000 -0.000  0.001
  0.000  0.000  0.976 -0.002 -0.001
 -0.002 -0.000 -0.002  0.978  0.000
 -0.000  0.001 -0.001  0.000  0.980
atomic mag. moment =    -3.063756
atom   26   Tr[ns(na)] (up, down, total) =   1.82801  4.89204  6.72005
   spin  1
    eigenvalues: 
  0.093  0.093  0.333  0.351  0.958
    eigenvectors:
  0.098  0.707  0.066  0.100  0.029
  0.096  0.096  0.217  0.591  0.001
  0.052  0.000  0.244  0.055  0.650
  0.086  0.079  0.393  0.125  0.318
  0.668  0.118  0.081  0.130  0.003
    occupations:
  0.159  0.087  0.107  0.093 -0.004
  0.087  0.298 -0.030 -0.015 -0.041
  0.107 -0.030  0.727  0.297 -0.018
  0.093 -0.015  0.297  0.494  0.102
 -0.004 -0.041 -0.018  0.102  0.148
   spin  2
    eigenvalues: 
  0.974  0.978  0.979  0.981  0.981
    eigenvectors:
  0.025  0.143  0.242  0.301  0.289
  0.003  0.272  0.484  0.208  0.033
  0.662  0.145  0.121  0.009  0.063
  0.308  0.290  0.077  0.100  0.224
  0.003  0.149  0.075  0.381  0.392
    occupations:
  0.980  0.000 -0.000 -0.002 -0.000
  0.000  0.979  0.000 -0.000  0.001
 -0.000  0.000  0.975 -0.002 -0.001
 -0.002 -0.000 -0.002  0.978  0.000
 -0.000  0.001 -0.001  0.000  0.980
atomic mag. moment =    -3.064030
atom   27   Tr[ns(na)] (up, down, total) =   1.82724  4.89287  6.72011
   spin  1
    eigenvalues: 
  0.092  0.093  0.339  0.345  0.958
    eigenvectors:
  0.199  0.615  0.054  0.123  0.010
  0.003  0.197  0.153  0.647  0.001
  0.047  0.025  0.272  0.041  0.615
  0.110  0.002  0.427  0.087  0.375
  0.642  0.161  0.095  0.103  0.000
    occupations:
  0.145  0.092  0.055  0.063 -0.012
  0.092  0.294 -0.024 -0.009 -0.035
  0.055 -0.024  0.702  0.316 -0.067
  0.063 -0.009  0.316  0.544  0.065
 -0.012 -0.035 -0.067  0.065  0.142
   spin  2
    eigenvalues: 
  0.974  0.978  0.979  0.981  0.981
    eigenvectors:
  0.010  0.266  0.075  0.060  0.588
  0.000  0.002  0.603  0.381  0.013
  0.624  0.307  0.002  0.000  0.068
  0.366  0.397  0.009  0.001  0.227
  0.001  0.028  0.310  0.557  0.104
    occupations:
  0.980  0.001  0.000 -0.001 -0.000
  0.001  0.980  0.000 -0.000  0.001
  0.000  0.000  0.976 -0.003 -0.000
 -0.001 -0.000 -0.003  0.977  0.001
 -0.000  0.001 -0.000  0.001  0.980
atomic mag. moment =    -3.065632
atom   28   Tr[ns(na)] (up, down, total) =   1.82999  4.89070  6.72068
   spin  1
    eigenvalues: 
  0.093  0.093  0.336  0.350  0.958
    eigenvectors:
  0.313  0.499  0.016  0.171  0.001
  0.016  0.191  0.144  0.649  0.000
  0.079  0.034  0.257  0.076  0.555
  0.057  0.007  0.398  0.104  0.434
  0.534  0.269  0.186  0.001  0.010
    occupations:
  0.142  0.097  0.005  0.032 -0.012
  0.097  0.295 -0.023 -0.003 -0.031
  0.005 -0.023  0.654  0.324 -0.119
  0.032 -0.003  0.324  0.592  0.013
 -0.012 -0.031 -0.119  0.013  0.147
   spin  2
    eigenvalues: 
  0.974  0.976  0.979  0.981  0.981
    eigenvectors:
  0.002  0.120  0.003  0.324  0.549
  0.001  0.164  0.343  0.228  0.263
  0.535  0.274  0.157  0.006  0.028
  0.455  0.314  0.153  0.050  0.027
  0.006  0.128  0.343  0.391  0.133
    occupations:
  0.980  0.001  0.001 -0.001 -0.000
  0.001  0.979 -0.000  0.001  0.001
  0.001 -0.000  0.976 -0.002  0.001
 -0.001  0.001 -0.002  0.976 -0.000
 -0.000  0.001  0.001 -0.000  0.979
atomic mag. moment =    -3.060714
atom   29   Tr[ns(na)] (up, down, total) =   1.83001  4.89073  6.72074
   spin  1
    eigenvalues: 
  0.093  0.093  0.338  0.348  0.958
    eigenvectors:
  0.256  0.560  0.026  0.157  0.000
  0.009  0.194  0.212  0.585  0.000
  0.078  0.019  0.225  0.107  0.572
  0.068  0.008  0.356  0.144  0.424
  0.588  0.220  0.181  0.007  0.004
    occupations:
  0.140  0.096 -0.002  0.025 -0.010
  0.096  0.294 -0.011  0.006 -0.032
 -0.002 -0.011  0.670  0.325 -0.099
  0.025  0.006  0.325  0.583  0.034
 -0.010 -0.032 -0.099  0.034  0.143
   spin  2
    eigenvalues: 
  0.974  0.977  0.979  0.981  0.981
    eigenvectors:
  0.001  0.126  0.005  0.364  0.504
  0.000  0.162  0.358  0.203  0.276
  0.562  0.261  0.139  0.014  0.024
  0.435  0.336  0.151  0.050  0.029
  0.003  0.115  0.347  0.370  0.166
    occupations:
  0.980  0.001  0.001 -0.001 -0.000
  0.001  0.979 -0.000  0.000  0.001
  0.001 -0.000  0.976 -0.002  0.001
 -0.001  0.000 -0.002  0.976 -0.000
 -0.000  0.001  0.001 -0.000  0.979
atomic mag. moment =    -3.060722
atom   30   Tr[ns(na)] (up, down, total) =   1.82718  4.89286  6.72004
   spin  1
    eigenvalues: 
  0.092  0.093  0.339  0.345  0.958
    eigenvectors:
  0.289  0.523  0.028  0.149  0.011
  0.011  0.189  0.060  0.739  0.001
  0.040  0.037  0.301  0.012  0.610
  0.101  0.007  0.483  0.031  0.378
  0.559  0.243  0.128  0.069  0.001
    occupations:
  0.147  0.091  0.058  0.066 -0.013
  0.091  0.295 -0.029 -0.011 -0.035
  0.058 -0.029  0.697  0.317 -0.073
  0.066 -0.011  0.317  0.547  0.059
 -0.013 -0.035 -0.073  0.059  0.142
   spin  2
    eigenvalues: 
  0.974  0.978  0.979  0.981  0.981
    eigenvectors:
  0.011  0.282  0.049  0.060  0.597
  0.000  0.015  0.587  0.386  0.012
  0.615  0.312  0.009  0.000  0.064
  0.372  0.379  0.024  0.001  0.224
  0.001  0.012  0.331  0.553  0.103
    occupations:
  0.980  0.001  0.000 -0.001 -0.000
  0.001  0.980  0.000  0.000  0.001
  0.000  0.000  0.976 -0.003 -0.000
 -0.001  0.000 -0.003  0.977  0.001
 -0.000  0.001 -0.000  0.001  0.980
atomic mag. moment =    -3.065684
atom   31   Tr[ns(na)] (up, down, total) =   1.82614  4.89337  6.71951
   spin  1
    eigenvalues: 
  0.093  0.095  0.330  0.348  0.960
    eigenvectors:
  0.206  0.156  0.350  0.001  0.287
  0.163  0.213  0.472  0.151  0.003
  0.417  0.167  0.053  0.360  0.002
  0.209  0.102  0.102  0.292  0.295
  0.005  0.363  0.023  0.195  0.414
    occupations:
  0.425  0.069 -0.015 -0.202  0.281
  0.069  0.246  0.020  0.023 -0.096
 -0.015  0.020  0.200 -0.123 -0.031
 -0.202  0.023 -0.123  0.447 -0.252
  0.281 -0.096 -0.031 -0.252  0.507
   spin  2
    eigenvalues: 
  0.974  0.978  0.980  0.980  0.981
    eigenvectors:
  0.208  0.007  0.033  0.169  0.583
  0.026  0.739  0.163  0.035  0.037
  0.017  0.129  0.093  0.694  0.067
  0.426  0.125  0.363  0.083  0.003
  0.323  0.000  0.348  0.019  0.309
    occupations:
  0.980  0.001 -0.000  0.002 -0.002
  0.001  0.978  0.001 -0.000  0.000
 -0.000  0.001  0.980  0.000 -0.001
  0.002 -0.000  0.000  0.977  0.002
 -0.002  0.000 -0.001  0.002  0.978
atomic mag. moment =    -3.067221
atom   32   Tr[ns(na)] (up, down, total) =   3.50346  4.52056  8.02402
   spin  1
    eigenvalues: 
  0.302  0.325  0.957  0.959  0.960
    eigenvectors:
  0.133  0.105  0.001  0.656  0.105
  0.667  0.043  0.003  0.262  0.026
  0.008  0.303  0.592  0.010  0.087
  0.023  0.441  0.403  0.000  0.133
  0.169  0.109  0.000  0.073  0.650
    occupations:
  0.806 -0.238  0.092 -0.100  0.031
 -0.238  0.494  0.024 -0.005  0.177
  0.092  0.024  0.760  0.239  0.140
 -0.100 -0.005  0.239  0.664 -0.180
  0.031  0.177  0.140 -0.180  0.780
   spin  2
    eigenvalues: 
  0.749  0.882  0.963  0.963  0.964
    eigenvectors:
  0.116  0.166  0.648  0.065  0.005
  0.067  0.621  0.281  0.011  0.020
  0.259  0.011  0.009  0.451  0.270
  0.382  0.038  0.039  0.009  0.532
  0.176  0.164  0.023  0.465  0.173
    occupations:
  0.925 -0.045  0.034 -0.039 -0.017
 -0.045  0.898  0.021 -0.022  0.003
  0.034  0.021  0.907  0.069  0.049
 -0.039 -0.022  0.069  0.879 -0.062
 -0.017  0.003  0.049 -0.062  0.912
atomic mag. moment =    -1.017094
N of occupied +U levels =  108.840803
 --- exit write_ns ---
 Atomic wfc used for LDA+U Projector are NOT orthogonalized
     Starting wfcs from file
     Calculation restarted from scf iteration #   191

     total cpu time spent up to now is       36.7 secs

     Self-consistent Calculation

     iteration #191     ecut=   350.00 Ry     beta= 0.10
     Calculation restarted from kpoint #     9
     Davidson diagonalization with overlap
     c_bands:  1 eigenvalues not converged
     c_bands:  1 eigenvalues not converged
     c_bands:  2 eigenvalues not converged
     c_bands:  2 eigenvalues not converged
     c_bands:  5 eigenvalues not converged
     c_bands:  2 eigenvalues not converged
     ethr =  3.65E-09,  avg # of iterations =  9.8

     total cpu time spent up to now is     2912.8 secs

     total energy              =   -7251.43751552 Ry
     Harris-Foulkes estimate   =   -7251.43751101 Ry
     estimated scf accuracy    <       0.00002777 Ry

     total magnetization       =     3.00 Bohr mag/cell
     absolute magnetization    =    51.73 Bohr mag/cell

     iteration #192     ecut=   350.00 Ry     beta= 0.10
     Davidson diagonalization with overlap
     ethr =  3.65E-09,  avg # of iterations =  2.0

     total cpu time spent up to now is     3754.4 secs

     total energy              =   -7251.43751399 Ry
     Harris-Foulkes estimate   =   -7251.43751899 Ry
     estimated scf accuracy    <       0.00002860 Ry

     total magnetization       =     3.00 Bohr mag/cell
     absolute magnetization    =    51.73 Bohr mag/cell

     iteration #193     ecut=   350.00 Ry     beta= 0.10
     Davidson diagonalization with overlap
     ethr =  3.65E-09,  avg # of iterations =  2.9

     total cpu time spent up to now is     4723.3 secs

     total energy              =   -7251.43659714 Ry
     Harris-Foulkes estimate   =   -7251.43759172 Ry
     estimated scf accuracy    <       0.00002970 Ry

     total magnetization       =     3.00 Bohr mag/cell
     absolute magnetization    =    51.74 Bohr mag/cell

     iteration #194     ecut=   350.00 Ry     beta= 0.10
     Davidson diagonalization with overlap
     ethr =  3.65E-09,  avg # of iterations =  4.1

     total cpu time spent up to now is     5914.8 secs

     total energy              =   -7251.43735558 Ry
     Harris-Foulkes estimate   =   -7251.43736096 Ry
     estimated scf accuracy    <       0.00003015 Ry

     total magnetization       =     3.00 Bohr mag/cell
     absolute magnetization    =    51.73 Bohr mag/cell

     iteration #195     ecut=   350.00 Ry     beta= 0.10
     Davidson diagonalization with overlap
     ethr =  3.65E-09,  avg # of iterations =  3.0

     total cpu time spent up to now is     6879.3 secs

     total energy              =   -7251.43732765 Ry
     Harris-Foulkes estimate   =   -7251.43743359 Ry
     estimated scf accuracy    <       0.00002744 Ry

     total magnetization       =     3.00 Bohr mag/cell
     absolute magnetization    =    51.73 Bohr mag/cell

     iteration #196     ecut=   350.00 Ry     beta= 0.10
     Davidson diagonalization with overlap
     ethr =  3.65E-09,  avg # of iterations =  2.5

     total cpu time spent up to now is     7763.9 secs

     total energy              =   -7251.43700257 Ry
     Harris-Foulkes estimate   =   -7251.43737522 Ry
     estimated scf accuracy    <       0.00002787 Ry

     total magnetization       =     3.00 Bohr mag/cell
     absolute magnetization    =    51.73 Bohr mag/cell

     iteration #197     ecut=   350.00 Ry     beta= 0.10
     Davidson diagonalization with overlap
     ethr =  3.65E-09,  avg # of iterations =  4.0

     total cpu time spent up to now is     8991.5 secs

     total energy              =   -7251.43628382 Ry
     Harris-Foulkes estimate   =   -7251.43727409 Ry
     estimated scf accuracy    <       0.00003810 Ry

     total magnetization       =     3.00 Bohr mag/cell
     absolute magnetization    =    51.73 Bohr mag/cell

     iteration #198     ecut=   350.00 Ry     beta= 0.10
     Davidson diagonalization with overlap
     ethr =  3.65E-09,  avg # of iterations =  4.1

     total cpu time spent up to now is    10360.3 secs

     total energy              =   -7251.43754935 Ry
     Harris-Foulkes estimate   =   -7251.43756196 Ry
     estimated scf accuracy    <       0.00002708 Ry

     total magnetization       =     3.00 Bohr mag/cell
     absolute magnetization    =    51.74 Bohr mag/cell

     iteration #199     ecut=   350.00 Ry     beta= 0.10
     Davidson diagonalization with overlap
     ethr =  3.65E-09,  avg # of iterations =  1.1

     total cpu time spent up to now is    11158.0 secs

     total energy              =   -7251.43750419 Ry
     Harris-Foulkes estimate   =   -7251.43755163 Ry
     estimated scf accuracy    <       0.00002695 Ry

     total magnetization       =     3.00 Bohr mag/cell
     absolute magnetization    =    51.74 Bohr mag/cell

     iteration #200     ecut=   350.00 Ry     beta= 0.10
     Davidson diagonalization with overlap
     ethr =  3.65E-09,  avg # of iterations =  2.0
 
     Magnetic moment per site:
     atom:    1    charge:    6.3267    magn:   -0.0003    constr:    0.0000
     atom:    2    charge:    6.3267    magn:    0.0001    constr:    0.0000
     atom:    3    charge:    6.3267    magn:   -0.0001    constr:    0.0000
     atom:    4    charge:    6.3265    magn:    0.0003    constr:    0.0000
     atom:    5    charge:    6.3269    magn:    0.0001    constr:    0.0000
     atom:    6    charge:    6.3266    magn:    0.0002    constr:    0.0000
     atom:    7    charge:    6.3273    magn:    0.0012    constr:    0.0000
     atom:    8    charge:    6.3266    magn:    0.0001    constr:    0.0000
     atom:    9    charge:    6.3268    magn:    0.0002    constr:    0.0000
     atom:   10    charge:    6.3265    magn:    0.0002    constr:    0.0000
     atom:   11    charge:    6.3266    magn:    0.0004    constr:    0.0000
     atom:   12    charge:    6.3268    magn:   -0.0001    constr:    0.0000
     atom:   13    charge:    6.3271    magn:    0.0012    constr:    0.0000
     atom:   14    charge:    6.3267    magn:   -0.0003    constr:    0.0000
     atom:   15    charge:    6.3268    magn:    0.0001    constr:    0.0000
     atom:   16    charge:    6.3266    magn:    0.0001    constr:    0.0000
     atom:   17    charge:   14.1536    magn:    2.9904    constr:    0.0000
     atom:   18    charge:   14.1508    magn:    2.9961    constr:    0.0000
     atom:   19    charge:   14.1530    magn:    2.9916    constr:    0.0000
     atom:   20    charge:   14.1531    magn:    2.9916    constr:    0.0000
     atom:   21    charge:   14.1530    magn:    2.9914    constr:    0.0000
     atom:   22    charge:   14.1535    magn:    2.9906    constr:    0.0000
     atom:   23    charge:   14.1530    magn:    2.9913    constr:    0.0000
     atom:   24    charge:   14.1510    magn:    2.9959    constr:    0.0000
     atom:   25    charge:   14.1510    magn:   -2.9896    constr:    0.0000
     atom:   26    charge:   14.1510    magn:   -2.9900    constr:    0.0000
     atom:   27    charge:   14.1511    magn:   -2.9916    constr:    0.0000
     atom:   28    charge:   14.1509    magn:   -2.9866    constr:    0.0000
     atom:   29    charge:   14.1510    magn:   -2.9867    constr:    0.0000
     atom:   30    charge:   14.1511    magn:   -2.9916    constr:    0.0000
     atom:   31    charge:   14.1514    magn:   -2.9930    constr:    0.0000
     atom:   32    charge:   15.4191    magn:   -0.9969    constr:    0.0000
     atom:   33    charge:    5.4609    magn:   -0.0021    constr:    0.0000
     atom:   34    charge:    5.4614    magn:   -0.0042    constr:    0.0000
     atom:   35    charge:    5.4604    magn:    0.0094    constr:    0.0000
     atom:   36    charge:    5.4607    magn:    0.0101    constr:    0.0000
     atom:   37    charge:    5.4602    magn:    0.0021    constr:    0.0000
     atom:   38    charge:    5.4605    magn:    0.0051    constr:    0.0000
     atom:   39    charge:    5.4390    magn:    0.0945    constr:    0.0000
     atom:   40    charge:    5.4617    magn:    0.0022    constr:    0.0000
     atom:   41    charge:    5.4604    magn:    0.0058    constr:    0.0000
     atom:   42    charge:    5.4617    magn:    0.0025    constr:    0.0000
     atom:   43    charge:    5.4608    magn:    0.0094    constr:    0.0000
     atom:   44    charge:    5.4604    magn:    0.0116    constr:    0.0000
     atom:   45    charge:    5.4389    magn:    0.0945    constr:    0.0000
     atom:   46    charge:    5.4610    magn:   -0.0014    constr:    0.0000
     atom:   47    charge:    5.4602    magn:    0.0013    constr:    0.0000
     atom:   48    charge:    5.4613    magn:   -0.0066    constr:    0.0000
     atom:   49    charge:    5.4586    magn:    0.0156    constr:    0.0000
     atom:   50    charge:    5.4614    magn:    0.0107    constr:    0.0000
     atom:   51    charge:    5.4609    magn:    0.0011    constr:    0.0000
     atom:   52    charge:    5.4608    magn:    0.0080    constr:    0.0000
     atom:   53    charge:    5.4601    magn:    0.0098    constr:    0.0000
     atom:   54    charge:    5.4334    magn:    0.1235    constr:    0.0000
     atom:   55    charge:    5.4610    magn:    0.0091    constr:    0.0000
     atom:   56    charge:    5.4615    magn:    0.0071    constr:    0.0000
